1753701446899737835
1753701447399740934
1753701447899734974
1753701448399737835
1753701448899735212
1753701449399742842
1753701449899731636
1753701450399737597
1753701450899733782
1753701451399736881
1753701451899737835
1753701452399734020
1753701452899735928
1753701453399738550
1753701453899740219
1753701454399740934
1753701454899726152
1753701455399734259
1753701455899740696
1753701456399739504
1753701456899730206
1753701457399732113
1753701457899736404
1753701458399741173
1753701458899725437
1753701459399742842
1753701459899733782
1753701460399735928
1753701460899730682
1753701461399739742
1753701461899734974
1753701462399739504
1753701462899735451
1753701463399748087
1753701463899734259
1753701464399739504
1753701464899739027
1753701465399736881
1753701465899730444
1753701466399744272
1753701466899732351
1753701467399743557
1753701467899730921
1753701468399735689
1753701468899733067
1753701469399738073
1753701469899737358
1753701470399743557
1753701470899732828
1753701471399745226
1753701471899727345
1753701472399740219
1753701472899727583
1753701473899738789
1753701474399733543
1753701474899733782
1753701475399735451
1753701475899731636
1753701476399729967
1753701476899725199
1753701477399729729
1753701477899717569
1753701478399703979
1753701478899707794
1753701479399729967
1753701479899722576
1753701480399720669
1753701480899720907
1753701481399726391
1753701481899722815
1753701482399727821
1753701482899721384
1753701483399730921
1753701483899719000
1753701484399727821
1753701484899718761
1753701485399719954
1753701485899716139
1753701486399723530
1753701486899714708
1753701487399728060
1753701487899719238
1753701488399728298
1753701488899707079
1753701489399717093
1753701489899722576
1753701490399722815
1753701490899709702
1753701491399717569
1753701491899716616
1753701492399725914
1753701492899696112
1753701493399710655
1753701493899714947
1753701494399717093
1753701494899712324
1753701495399723291
1753701495899721146
1753701496399704456
1753701496899708509
1753701497399722815
1753701497899711132
1753701498399720669
1753701498899697781
1753701499399708509
1753701499899710178
1753701500399724483
1753701500899709463
1753701501399717569
1753701501899716854
1753701502399720907
1753701502899701118
1753701503399706364
1753701503899706364
1753701504399718046
1753701505399723053
1753701505899710417
1753701506399725437
